0.000000000000000000e+00
0.000000000000000000e+00
0.000000000000000000e+00
0.000000000000000000e+00
0.000000000000000000e+00
0.000000000000000000e+00
0.000000000000000000e+00
0.000000000000000000e+00
0.000000000000000000e+00
0.000000000000000000e+00
0.000000000000000000e+00
0.000000000000000000e+00
0.000000000000000000e+00
0.000000000000000000e+00
0.000000000000000000e+00
0.000000000000000000e+00
0.000000000000000000e+00
0.000000000000000000e+00
0.000000000000000000e+00
0.000000000000000000e+00
0.000000000000000000e+00
0.000000000000000000e+00
0.000000000000000000e+00
0.000000000000000000e+00
0.000000000000000000e+00
0.000000000000000000e+00
0.000000000000000000e+00
0.000000000000000000e+00
0.000000000000000000e+00
0.000000000000000000e+00
0.000000000000000000e+00
0.000000000000000000e+00
0.000000000000000000e+00
0.000000000000000000e+00
0.000000000000000000e+00
0.000000000000000000e+00
0.000000000000000000e+00
0.000000000000000000e+00
0.000000000000000000e+00
0.000000000000000000e+00
0.000000000000000000e+00
0.000000000000000000e+00
0.000000000000000000e+00
0.000000000000000000e+00
0.000000000000000000e+00
0.000000000000000000e+00
0.000000000000000000e+00
0.000000000000000000e+00
0.000000000000000000e+00
0.000000000000000000e+00
0.000000000000000000e+00
0.000000000000000000e+00
0.000000000000000000e+00
0.000000000000000000e+00
3.485208473275422272e-04
2.378919413023917323e-03
3.394118695872104952e-03
1.027600728314360598e-02
2.339887515522561662e-02
3.282624363920774724e-02
7.857597949540970350e-02
1.223774582768475672e-01
1.532309011383972130e-01
2.863555234057346688e-01
4.009250836964765585e-01
4.679491707278238266e-01
7.157652366762410345e-01
9.161784146345438584e-01
1.023313445122046694e+00
1.377065426662426928e+00
1.642372909109474310e+00
1.782996725877495470e+00
2.255551821050373995e+00
2.610203493426173971e+00
2.797214193687378891e+00
3.377464784570787693e+00
3.790162672508975206e+00
4.001552932162550036e+00
4.652669852456750021e+00
5.094911982780169879e+00
5.318379198403764718e+00
5.998049475571572309e+00
6.455864052566811395e+00
6.685437253237537014e+00
7.376477076834871305e+00
7.837961425170388630e+00
8.068703599338148180e+00
8.760930121841424167e+00
9.222414470176941492e+00
9.453156644344698378e+00
1.014538316684797614e+01
1.060686751518349347e+01
1.083760968935125213e+01
1.152983621185452812e+01
1.199132056019004544e+01
1.222206273435780588e+01
1.291428925686108187e+01
1.337577360519660097e+01
1.360651577936435608e+01
1.429874230186763207e+01
1.476022665020314939e+01
1.499096882437090628e+01
1.568319534687418582e+01
1.614467969520970314e+01
1.637542186937746180e+01
1.706764839188073779e+01
1.752913274021625512e+01
1.775987491438401378e+01
1.845210143688728621e+01
1.891358578522280709e+01
1.914432795939056575e+01
1.983655448189384174e+01
2.029803883022935906e+01
2.052878100439711773e+01
2.122100752690039371e+01
2.168249187523591104e+01
2.191323404940367325e+01
2.260546057190694569e+01
2.306694492024246301e+01
2.329768709441022168e+01
2.398991361691349411e+01
2.445139796524901499e+01
2.468214013941677720e+01
2.537436666192004964e+01
2.583585101025557051e+01
2.606659318442332562e+01
2.675881970692660161e+01
2.722030405526212249e+01
2.745104622942987760e+01
2.814327275193316069e+01
2.860475710026867446e+01
2.883549927443642957e+01
2.952772579693970911e+01
2.998921014527522999e+01
3.021995231944298510e+01
3.091217884194626109e+01
3.137366319028177841e+01
3.160440536444954063e+01
3.229663188695280951e+01
3.275811623528832683e+01
3.298885840945608550e+01
3.368108493195936859e+01
3.414256928029488591e+01
3.437331145446264458e+01
3.506553797696591346e+01
3.552702232530143078e+01
3.575776449946919655e+01
3.644999102197246543e+01
3.691147537030798276e+01
3.714221754447574142e+01
3.783444406697902451e+01
3.829592841531453473e+01
3.852667058948230050e+01
3.921889711198556938e+01
3.968038146032108671e+01
3.991112363448885247e+01
4.060335015699212846e+01
4.106483450532764579e+01
4.129557667949540445e+01
4.198780320199868754e+01
4.244928755033419066e+01
4.268002972450195642e+01
4.337225624700522530e+01
4.383374059534074973e+01
4.406448276950850129e+01
4.475670929201178438e+01
4.521819364034730171e+01
4.614116233701834346e+01
4.660264668535384658e+01
4.683338885952161945e+01
4.752561538202488833e+01
4.798709973036040566e+01
4.821784190452815722e+01
4.891006842703144031e+01
4.937155277536695053e+01
4.960229494953471630e+01
5.029452147203799228e+01
5.075600582037350250e+01
5.098674799454126827e+01
5.167897451704453715e+01
5.214045886538006158e+01
5.237120103954781314e+01
5.352491191038662066e+01
5.375565408455437222e+01
5.444788060705764821e+01
5.490936495539316553e+01
5.514010712956091709e+01
5.583233365206420729e+01
5.629381800039971750e+01
5.652456017456747617e+01
5.721678669707074505e+01
5.767827104540626948e+01
5.790901321957402814e+01
5.860123974207730413e+01
5.906272409041282145e+01
5.929346626458057301e+01
5.998569278708385610e+01
6.044717713541936632e+01
6.067791930958712499e+01
6.137014583209040808e+01
6.183163018042592540e+01
6.206237235459368407e+01
6.275459887709696005e+01
6.321608322543248448e+01
6.344682539960023604e+01
6.413905192210351913e+01
6.460053627043902225e+01
6.483127844460679512e+01
6.552350496711007111e+01
6.598498931544558843e+01
6.621573148961333288e+01
6.690795801211660887e+01
6.736944236045214041e+01
6.760018453461989907e+01
6.829241105712317506e+01
6.875389540545869238e+01
6.898463757962645104e+01
6.967686410212972703e+01
7.013834845046523014e+01
7.036909062463300302e+01
7.106131714713627900e+01
7.152280149547179633e+01
7.175354366963955499e+01
7.244577019214283098e+01
7.290725454047834830e+01
7.313799671464610697e+01
7.429170758548488607e+01
7.452244975965265894e+01
7.521467628215594914e+01
7.567616063049145225e+01
7.590690280465919670e+01
7.659912932716248690e+01
7.706061367549800423e+01
7.729135584966576289e+01
7.798358237216903888e+01
7.844506672050454199e+01
7.867580889467231486e+01
7.936803541717559085e+01
7.982951976551110818e+01
8.006026193967886684e+01
8.075248846218214283e+01
8.121397281051767436e+01
8.144471498468541881e+01
8.213694150718868059e+01
8.259842585552422634e+01
8.282916802969197079e+01
8.352139455219524677e+01
8.398287890053076410e+01
8.421362107469853697e+01
8.490584759720178454e+01
8.536733194553731607e+01
8.559807411970507474e+01
8.629030064220835072e+01
8.675178499054385384e+01
8.698252716471162671e+01
8.767475368721490270e+01
8.813623803555042002e+01
8.836698020971816447e+01
8.905920673222146888e+01
9.044365977722802086e+01
9.182811282223455862e+01
9.321256586724112481e+01
