0.000000000000000000e+00
-2.091538459500934088e+00
-7.995111491197969933e+00
-1.164230329521104501e+01
-1.338513495764465411e+01
-1.831180870275726491e+01
-2.136113338657831306e+01
-2.281985971203618746e+01
-2.694920374714170919e+01
-2.950948470745647612e+01
-3.073551887742657129e+01
-3.421074370166558509e+01
-3.636899626216880677e+01
-3.740351105442437785e+01
-4.033952632377654623e+01
-4.216573932166511440e+01
-4.304189811308275182e+01
-4.553142781222040014e+01
-4.708220462922641047e+01
-4.994512409072953574e+01
-5.126647702132777340e+01
-5.190149434404903417e+01
-5.370979997314225329e+01
-5.483931077390563757e+01
-5.538256009041518979e+01
-5.693112301163928635e+01
-5.789962508669407981e+01
-5.836578648319064655e+01
-5.969590440873575687e+01
-6.052880112805831914e+01
-6.092998172936311363e+01
-6.207575889074252018e+01
-6.279406306982833286e+01
-6.314028714223759664e+01
-6.412999575109917316e+01
-6.475115394570831029e+01
-6.590791532307319756e+01
-6.644646496178449979e+01
-6.670638470916119900e+01
-6.745064265805129367e+01
-6.791873851233459902e+01
-6.814479359023128779e+01
-6.879259878996762723e+01
-6.920043671952360853e+01
-6.939750778003623566e+01
-6.996268658229544712e+01
-7.031884608269847092e+01
-7.049104319818945896e+01
-7.098525060458949554e+01
-7.129697284875841490e+01
-7.144776752653309870e+01
-7.188085721875360434e+01
-7.215427161062298467e+01
-7.228660446185126887e+01
-7.266693095606291308e+01
-7.290724040589068977e+01
-7.302360927543163882e+01
-7.335827552740893509e+01
-7.356990849648057917e+01
-7.367244084723466813e+01
-7.396750184257321337e+01
-7.415423753157905651e+01
-7.424475009161196226e+01
-7.450538078695124966e+01
-7.467045253952146311e+01
-7.475050060796685614e+01
-7.498113489575443680e+01
-7.512731586911603188e+01
-7.519823419714474255e+01
-7.540268023749452198e+01
-7.553235459046605627e+01
-7.559529137591242431e+01
-7.577682759118759748e+01
-7.589204980634640663e+01
-7.594799504187398043e+01
-7.610945023968076839e+01
-7.621199469402117188e+01
-7.626180387147121564e+01
-7.640562430172548147e+01
-7.649702679983155917e+01
-7.654144078423595943e+01
-7.666974640903431748e+01
-7.675133907271695932e+01
-7.679100080806381357e+01
-7.690563264087708717e+01
-7.697857329238229340e+01
-7.701404187963348136e+01
-7.711660191086289728e+01
-7.718189887995829679e+01
-7.721366146983737622e+01
-7.730554642192709025e+01
-7.736407954013104415e+01
-7.739256140399565709e+01
-7.747499133769807145e+01
-7.752752974757652282e+01
-7.755310282546803080e+01
-7.762714543900978015e+01
-7.767436273648898748e+01
-7.769735290922881177e+01
-7.776394422574202281e+01
-7.780643136376842506e+01
-7.782712465338657637e+01
-7.788708667249487405e+01
-7.792536298114896454e+01
-7.794401084911140742e+01
-7.799806664079123664e+01
-7.803258925897418408e+01
-7.804941314313283840e+01
-7.809819978175572430e+01
-7.812937174629942660e+01
-7.814456695403225694e+01
-7.818864662451719028e+01
-7.821682382200360450e+01
-7.823056287768663708e+01
-7.827043243129541850e+01
-7.829592958439195627e+01
-7.830836511338681305e+01
-7.834446430573729003e+01
-7.836756013815966071e+01
-7.837882735628988939e+01
-7.841154596292184920e+01
-7.843248766417009676e+01
-7.844270653070041988e+01
-7.847239050460791532e+01
-7.849139759653743909e+01
-7.850067467955700806e+01
-7.852763148937252424e+01
-7.854489918076629351e+01
-7.855332927628271023e+01
-7.857783254234131221e+01
-7.859353464438144954e+01
-7.860120218409021220e+01
-7.862349571167037254e+01
-7.863778717610941271e+01
-7.864476745349514886e+01
-7.866506874751414102e+01
-7.867808788004255405e+01
-7.868444812001708044e+01
-7.870295145285476224e+01
-7.871482184634741941e+01
-7.872062213988778012e+01
-7.873750123341254437e+01
-7.874833345915911309e+01
-7.875362758125832841e+01
-7.876903795519685048e+01
-7.877893104467392504e+01
-7.878376717125892981e+01
-7.879784820250883115e+01
-7.880689094756368718e+01
-7.881131228478649575e+01
-7.882418901589080917e+01
-7.883246111123784772e+01
-7.883650644864275137e+01
-7.884829117823598210e+01
-7.885586422679965324e+01
-7.885956842425252944e+01
-7.887036210769531408e+01
-7.887730050647149938e+01
-7.888069492336357769e+01
-7.889058840787458848e+01
-7.889695012954604181e+01
-7.890006300361386593e+01
-7.890913811887628526e+01
-7.891497540233862651e+01
-7.891783218444260228e+01
-7.892616270681828894e+01
-7.893152266799697259e+01
-7.894179882439745199e+01
-7.894672399721544309e+01
-7.894913524780210423e+01
-7.895616987072904180e+01
-7.896069868678070236e+01
-7.896291627413725678e+01
-7.896938737497067962e+01
-7.897355458933724037e+01
-7.897559546122835172e+01
-7.898155222504139772e+01
-7.898538929471973802e+01
-7.898726879387828603e+01
-7.899275575999232046e+01
-7.899629118057775656e+01
-7.899802320821733304e+01
-7.900634034775838188e+01
-7.900793750924103165e+01
-7.901260222359366026e+01
-7.901560945395846147e+01
-7.901708318869890491e+01
-7.902138831803557650e+01
-7.902416445746762008e+01
-7.902552515489588814e+01
-7.902950089107343956e+01
-7.903206528135777376e+01
-7.903332238453801040e+01
-7.903699617615588124e+01
-7.903936640720345963e+01
-7.904052850551107667e+01
-7.904392532587895914e+01
-7.904611740631119687e+01
-7.904719231840111604e+01
-7.905033490550690090e+01
-7.905236341547391987e+01
-7.905335826362463081e+01
-7.905626733522248628e+01
-7.905814556342808430e+01
-7.905906684021709907e+01
-7.906176128678525572e+01
-7.906350135345809349e+01
-7.906435498161194175e+01
-7.906685203960657304e+01
-7.906846500695331770e+01
-7.906925639311637610e+01
-7.907157180066514002e+01
-7.907306777216304283e+01
-7.907380185524326066e+01
-7.907594999217378984e+01
-7.907733820190334484e+01
-7.907801949657753937e+01
-7.908001351045918170e+01
-7.908130240354056184e+01
-7.908193503943479641e+01
-7.908378695912045941e+01
-7.908498426419672001e+01
-7.908557202119965268e+01
-7.908729285918728635e+01
-7.908840565379094301e+01
-7.908895199390606479e+01
-7.909158660823743503e+01
-7.909209470433521005e+01
-7.909358280379386485e+01
-7.909454549486319763e+01
-7.909501825665400077e+01
-7.909640309338732322e+01
-7.909729916188094023e+01
-7.909773925939454386e+01
-7.909902861885296943e+01
-7.909986307355165991e+01
-7.910027295837763006e+01
-7.910147399050521244e+01
-7.910225143249377311e+01
-7.910263335701023379e+01
-7.910375263206215379e+01
-7.910447729043850984e+01
-7.910483332523128297e+01
-7.910587688435121834e+01
-7.910655264859187241e+01
-7.910688469824559377e+01
-7.910785809932519896e+01
-7.910848854864019586e+01
-7.910879836606285664e+01
-7.910970672535162862e+01
-7.911029515532665357e+01
-7.911058435475240458e+01
-7.911143238463655791e+01
-7.911198183142855100e+01
-7.911225190022852871e+01
-7.911304394355379088e+01
-7.911355720587911833e+01
-7.911380951529636718e+01
-7.911454957657083753e+01
-7.911595682439141797e+01
-7.911727264687073102e+01
-7.911850347120356730e+01
